999
1188 1337 21
239 384 13
127 190 22
239 344 47
1312 1333 31
1111 1218 11
925 1052 50
1004 1051 38
666 781 27
1081 1196 22
683 820 39
1161 1252 40
1225 1366 25
28 91 44
723 781 30
967 1106 43
1202 1327 45
966 1102 38
52 133 10
994 1139 27
840 913 23
1341 1399 43
146 181 33
1121 1253 19
491 517 39
1389 1426 26
1007 1113 33
759 793 44
1012 1145 16
58 127 43
308 446 17
1165 1194 32
825 933 10
616 719 43
1261 1379 20
1279 1310 45
1362 1398 50
504 591 27
192 338 49
122 244 31
1043 1063 30
1338 1429 34
1322 1354 33
335 452 28
288 373 17
940 1075 26
371 394 24
728 780 46
549 635 28
1089 1131 12
564 631 27
62 112 14
206 345 35
602 684 11
256 397 49
225 296 22
65 159 30
998 1069 11
411 489 19
171 316 45
1123 1197 13
283 416 14
460 530 34
895 915 34
13 94 33
474 573 29
136 254 35
535 630 25
105 136 18
277 377 26
1306 1409 42
969 1073 12
580 655 41
240 362 49
890 920 44
467 515 41
874 906 12
139 239 46
1382 1403 38
338 409 49
861 980 14
1201 1307 30
730 798 23
935 1057 21
241 266 21
92 195 46
227 343 46
822 921 27
409 498 20
87 213 43
27 131 16
180 200 47
336 386 10
750 861 38
292 438 28
1087 1127 32
1209 1253 19
363 472 25
445 588 31
193 324 10
519 567 49
1234 1262 29
90 226 21
690 805 41
1060 1197 18
876 903 31
444 505 18
985 1121 49
662 760 19
137 179 37
1168 1318 47
878 998 48
1340 1428 37
1126 1165 25
993 1014 39
718 799 16
1020 1101 40
1399 1428 32
1366 1433 31
524 555 39
297 423 48
226 299 33
275 297 28
792 813 44
531 596 41
1249 1374 19
241 312 21
821 853 34
1287 1377 34
1313 1350 45
628 706 40
1190 1228 28
1308 1372 47
840 967 22
309 366 10
1002 1148 29
316 347 50
849 895 14
1140 1180 24
425 483 19
1075 1171 27
684 808 34
519 668 40
168 275 14
214 308 40
1258 1298 27
588 632 33
897 1022 48
1280 1348 41
352 472 17
139 266 29
454 479 30
736 805 49
1051 1198 15
976 1124 20
1241 1302 33
222 342 28
833 856 33
655 761 25
596 679 19
256 344 18
873 970 40
1014 1093 16
601 704 19
980 1074 12
901 1015 10
245 386 31
1376 1403 41
490 595 34
297 423 35
1311 1366 45
1348 1431 24
826 949 18
1245 1276 35
796 894 47
1320 1386 47
930 1054 33
423 538 47
516 650 48
1371 1433 16
178 315 41
37 113 33
557 600 47
1398 1436 17
712 838 46
257 288 24
543 645 47
644 746 31
854 996 21
408 511 12
485 586 42
668 803 44
876 900 45
194 270 25
1374 1405 19
293 320 15
889 986 30
49 80 11
1073 1163 35
551 572 41
818 920 36
820 883 13
907 1053 14
1181 1230 10
1146 1172 26
960 1018 31
66 117 22
613 733 41
601 643 40
949 1091 19
1301 1339 11
1264 1311 15
1112 1214 34
219 301 39
397 441 33
580 718 27
1217 1287 40
280 379 30
1268 1350 41
1106 1179 13
1141 1171 21
37 126 22
553 578 36
10 65 14
715 779 19
718 773 40
995 1069 24
335 375 12
376 493 14
272 375 27
821 891 26
487 527 10
401 506 14
323 410 18
877 947 31
716 818 25
1363 1411 45
452 569 36
173 210 31
965 995 17
1260 1281 46
591 648 31
186 233 13
331 400 50
132 177 24
337 469 15
1085 1128 11
643 707 44
986 1055 47
302 337 33
1136 1259 40
452 481 16
935 1037 19
701 723 10
218 265 38
675 758 19
197 322 49
146 178 11
410 484 49
890 946 20
9 35 40
916 1051 31
676 784 25
1357 1408 41
756 785 46
1080 1118 40
810 880 45
196 230 39
310 383 36
1021 1133 39
209 277 18
700 743 26
606 659 30
924 1063 24
702 768 44
570 627 21
602 642 46
793 887 30
591 725 35
385 432 31
1058 1107 11
691 825 15
246 364 15
938 1040 26
175 268 44
1112 1220 23
964 1064 24
1160 1230 23
1079 1126 16
1294 1428 10
623 690 44
723 747 17
199 252 40
1289 1387 46
1353 1415 47
674 720 30
379 425 38
283 394 42
1275 1419 42
67 211 12
31 137 19
508 577 32
1029 1145 47
102 243 48
448 540 28
1235 1321 30
443 495 17
699 845 48
1137 1158 27
401 527 14
269 406 39
604 705 33
572 681 45
214 251 18
1280 1318 26
881 936 18
122 210 29
1283 1344 20
1315 1338 39
1176 1203 45
446 519 26
1119 1246 27
687 743 40
1079 1193 16
293 417 34
839 970 14
450 484 14
351 490 48
499 532 30
153 235 47
629 709 17
110 228 48
462 554 42
1072 1147 22
1283 1431 23
1338 1400 23
1373 1414 44
628 658 43
210 314 28
507 544 36
971 1086 14
160 186 22
1320 1355 40
1118 1173 25
191 220 49
644 754 46
640 691 31
1073 1129 30
316 449 46
496 610 18
1177 1209 42
80 148 39
1137 1285 27
291 370 13
334 370 21
1124 1259 37
792 903 17
924 971 17
788 866 32
1023 1064 11
1205 1315 35
228 280 10
104 150 22
271 329 23
830 922 23
42 142 33
694 829 28
968 1062 15
803 853 46
1052 1080 38
19 122 23